0.433333 -0.066439 2.091013 0.668638 0.042823 0.043884 0.050360 0.996847
0.466667 -0.082119 2.299145 0.684958 0.041688 0.047059 0.055470 0.996479
0.500000 -0.099433 2.507002 0.690381 0.040475 0.050171 0.060586 0.996079
0.533333 -0.118316 2.714568 0.684847 0.039194 0.053215 0.065712 0.995648
0.566667 -0.138894 2.921824 0.668416 0.037830 0.056186 0.070841 0.995185
0.600000 -0.161102 3.128736 0.641267 0.036394 0.059082 0.075977 0.994692
0.633333 -0.184861 3.335291 0.603697 0.034901 0.061899 0.081125 0.994168
0.666667 -0.210318 3.541467 0.556117 0.033329 0.064631 0.086276 0.993614
0.700000 -0.237397 3.747232 0.499049 0.031692 0.067276 0.091433 0.993031
0.733334 -0.266099 3.952577 0.433115 0.029994 0.069830 0.096597 0.992418
0.766667 -0.295858 4.157026 0.359153 0.028310 0.072507 0.101763 0.991759
0.800000 -0.327754 4.361415 0.277752 0.026498 0.074869 0.106941 0.991088
0.833334 -0.361262 4.565315 0.189908 0.024634 0.077131 0.112126 0.990390
0.866667 -0.396376 4.768694 0.096588 0.022720 0.079290 0.117318 0.989663
0.900000 -0.433095 4.971534 -0.001190 0.020760 0.081342 0.122517 0.988910
0.933334 -0.471414 5.173820 -0.102357 0.018756 0.083285 0.127722 0.988129
0.966667 -0.511331 5.375518 -0.205801 0.016719 0.085112 0.132935 0.987322
1.000000 -0.552839 5.576612 -0.310391 0.014640 0.086829 0.138151 0.986489
1.033330 -0.595931 5.777062 -0.414972 0.012527 0.088431 0.143373 0.985630
1.066670 -0.640620 5.976925 -0.518441 0.010385 0.089914 0.148601 0.984746
1.100000 -0.686878 6.176059 -0.619602 0.008219 0.091275 0.153833 0.983838
1.133330 -0.734105 6.372292 -0.716799 0.006164 0.092623 0.159018 0.982902
1.166670 -0.783474 6.569974 -0.810156 0.003956 0.093742 0.164257 0.981945
1.200000 -0.834388 6.766859 -0.898011 0.001733 0.094735 0.169498 0.980965
1.233330 -0.886858 6.962985 -0.979430 -0.000500 0.095602 0.174742 0.979962
1.266670 -0.940893 7.158391 -1.053545 -0.002742 0.096342 0.179989 0.978935
1.300000 -0.996393 7.352616 -1.119321 -0.004984 0.096967 0.185231 0.977886
1.333330 -1.053488 7.546327 -1.176404 -0.007229 0.097451 0.190479 0.976816
1.366670 -1.112131 7.739251 -1.224017 -0.009471 0.097806 0.195729 0.975722
1.400000 -1.172282 7.931252 -1.261611 -0.011705 0.098032 0.200977 0.974608
1.433330 -1.233950 8.122367 -1.288789 -0.013927 0.098128 0.206224 0.973472
1.466670 -1.297148 8.312633 -1.305260 -0.016136 0.098095 0.211471 0.972315
1.500000 -1.361707 8.500821 -1.310407 -0.018338 0.097946 0.216716 0.971136
1.533330 -1.427878 8.689126 -1.304989 -0.020505 0.097655 0.221955 0.969938
1.566670 -1.495559 8.876518 -1.288673 -0.022646 0.097236 0.227193 0.968719
1.600000 -1.564702 9.062865 -1.261647 -0.024757 0.096689 0.232424 0.967480
1.633330 -1.635318 9.248202 -1.224205 -0.026836 0.096015 0.237649 0.966221
1.666670 -1.707423 9.432565 -1.176742 -0.028878 0.095216 0.242870 0.964942
1.700000 -1.780709 9.614378 -1.119287 -0.030887 0.094304 0.248082 0.963643
1.733330 -1.855686 9.796532 -1.053455 -0.032845 0.093258 0.253287 0.962325
1.766670 -1.932128 9.977650 -0.979459 -0.034757 0.092090 0.258485 0.960987
1.800000 -2.009980 10.157603 -0.898155 -0.036617 0.090803 0.263673 0.959630
1.833330 -2.089257 10.336426 -0.810413 -0.038425 0.089398 0.268850 0.958254
1.866670 -2.169856 10.513675 -0.716973 -0.040176 0.087880 0.274017 0.956858
1.900000 -2.251950 10.690168 -0.619288 -0.041867 0.086247 0.279173 0.955443
1.933330 -2.335443 10.865472 -0.518218 -0.043496 0.084502 0.284317 0.954008
1.966670 -2.420349 11.039620 -0.414839 -0.045060 0.082649 0.289450 0.952553
2.000000 -2.506612 11.212487 -0.310345 -0.046555 0.080691 0.294567 0.951079
2.033330 -2.594243 11.384109 -0.205851 -0.047979 0.078630 0.299672 0.949585
2.066670 -2.683261 11.554517 -0.102471 -0.049330 0.076468 0.304763 0.948071
2.100000 -2.773603 11.723589 -0.001399 -0.050604 0.074211 0.309838 0.946537
2.133330 -2.865288 11.891357 0.096288 -0.051800 0.071859 0.314896 0.944983
2.166670 -2.958329 12.057856 0.189547 -0.052916 0.069417 0.319941 0.943408
2.200000 -3.052662 12.222964 0.277301 -0.053948 0.066889 0.324967 0.941813
2.233330 -3.148305 12.386715 0.358617 -0.054896 0.064278 0.329976 0.940197
2.266670 -3.245278 12.549138 0.432624 -0.055757 0.061587 0.334970 0.938559
2.300000 -3.343509 12.710119 0.498468 -0.056529 0.058822 0.339944 0.936901
2.333330 -3.443024 12.869686 0.555451 -0.057212 0.055985 0.344899 0.935220
2.366670 -3.543832 13.027873 0.602961 -0.057802 0.053079 0.349838 0.933518
2.400000 -3.645864 13.184566 0.640449 -0.058300 0.050111 0.354756 0.931793
2.433330 -3.749142 13.339796 0.667520 -0.058703 0.047084 0.359656 0.930046
2.466670 -3.853685 13.493591 0.683880 -0.059011 0.044001 0.364537 0.928275
2.500000 -3.959418 13.645842 0.689340 -0.059223 0.040868 0.369398 0.926481
2.533330 -4.066375 13.796572 0.683848 -0.059337 0.037689 0.374237 0.924665
2.566670 -4.174551 13.945823 0.667455 -0.059354 0.034468 0.379060 0.922823
2.600000 -4.283881 14.093481 0.640351 -0.059273 0.031210 0.383862 0.920957
2.633330 -4.394385 14.239576 0.602831 -0.059094 0.027920 0.388644 0.919067
2.666670 -4.506191 14.383966 0.555556 -0.058799 0.024588 0.393408 0.917152
2.700000 -4.619016 14.526884 0.498545 -0.058422 0.021247 0.398151 0.915211
2.733330 -4.732978 14.668193 0.432672 -0.057947 0.017887 0.402874 0.913244
2.766670 -4.848102 14.807917 0.358636 -0.057373 0.014512 0.407579 0.911250
2.800000 -4.964304 14.945958 0.277292 -0.056702 0.011129 0.412264 0.909230
2.833330 -5.081607 15.082343 0.189509 -0.055933 0.007742 0.416929 0.907184
2.866670 -5.200033 15.217097 0.096221 -0.055068 0.004353 0.421577 0.905108
2.900000 -5.319534 15.350099 -0.001494 -0.054108 0.000969 0.426205 0.903006
2.933330 -5.440061 15.481426 -0.102595 -0.053053 -0.002404 0.430815 0.900876
2.966670 -5.561674 15.611077 -0.206004 -0.051905 -0.005763 0.435408 0.898717
3.000000 -5.684285 15.738961 -0.310527 -0.050666 -0.009103 0.439983 0.896530
3.033330 -5.807925 15.865095 -0.415050 -0.049337 -0.012419 0.444540 0.894313
3.066670 -5.932603 15.989517 -0.518458 -0.047918 -0.015709 0.449081 0.892067
3.100000 -6.058292 16.112149 -0.619401 -0.046393 -0.018969 0.453602 0.889794
3.133330 -6.184914 16.232983 -0.717111 -0.044803 -0.022188 0.458110 0.887488
3.166670 -6.312540 16.352055 -0.810392 -0.043132 -0.025367 0.462603 0.885152
3.200000 -6.441082 16.469281 -0.898168 -0.041380 -0.028498 0.467079 0.882787
3.233330 -6.570563 16.584685 -0.979505 -0.039551 -0.031580 0.471541 0.880391
3.266660 -6.700968 16.698253 -1.053514 -0.037646 -0.034608 0.475988 0.877964
3.300000 -6.832323 16.810007 -1.119400 -0.035668 -0.037579 0.480422 0.875506
3.333330 -6.964535 16.919867 -1.176404 -0.033621 -0.040486 0.484842 0.873017
3.366660 -7.097629 17.027856 -1.223922 -0.031507 -0.043328 0.489248 0.870498
3.400000 -7.231629 17.133992 -1.261443 -0.029329 -0.046101 0.493644 0.867946
3.433330 -7.366442 17.238201 -1.288534 -0.027090 -0.048800 0.498025 0.865364
3.466660 -7.502092 17.340504 -1.304910 -0.024794 -0.051422 0.502395 0.862751
3.500000 -7.638606 17.440918 -1.310393 -0.022444 -0.053965 0.506756 0.860106
3.533330 -7.775887 17.539373 -1.304919 -0.020043 -0.056423 0.511104 0.857431
3.566660 -7.913962 17.635887 -1.288551 -0.017595 -0.058794 0.515441 0.854725
3.600000 -8.052854 17.730479 -1.261459 -0.015103 -0.061077 0.519770 0.851987
3.633330 -8.192468 17.823082 -1.223956 -0.012572 -0.063266 0.524087 0.849218
3.666660 -8.332828 17.913715 -1.176446 -0.010005 -0.065360 0.528396 0.846420
3.700000 -8.473962 18.002393 -1.119432 -0.007405 -0.067357 0.532696 0.843589
3.733330 -8.615770 18.089054 -1.053571 -0.004778 -0.069252 0.536987 0.840730
3.766660 -8.758278 18.173714 -0.979570 -0.002126 -0.071045 0.541269 0.837840
3.800000 -8.901514 18.256390 -0.898214 0.000547 -0.072733 0.545544 0.834920
3.833330 -9.045376 18.337023 -0.810443 0.003236 -0.074314 0.549810 0.831971
3.866660 -9.189892 18.415627 -0.717195 0.005936 -0.075787 0.554069 0.828993
3.900000 -9.335088 18.492219 -0.619462 0.008646 -0.077149 0.558321 0.825985
3.933330 -9.480865 18.566741 -0.518373 0.011359 -0.078400 0.562564 0.822950
3.966660 -9.627245 18.639212 -0.415005 0.014072 -0.079537 0.566800 0.819887
4.000000 -9.774259 18.709644 -0.310462 0.016781 -0.080560 0.571030 0.816795
4.033330 -9.921802 18.777985 -0.205949 0.019481 -0.081467 0.575251 0.813677
4.066660 -10.069902 18.844252 -0.102582 0.022168 -0.082258 0.579466 0.810532
4.100000 -10.218588 18.908453 -0.001462 0.024839 -0.082932 0.583674 0.807360
4.133330 -10.367754 18.970546 0.096243 0.027489 -0.083489 0.587874 0.804163
4.166660 -10.517429 19.030540 0.189493 0.030114 -0.083928 0.592066 0.800941
4.200000 -10.667640 19.088448 0.277292 0.032710 -0.084249 0.596253 0.797694
4.233330 -10.818281 19.144229 0.358626 0.035272 -0.084452 0.600430 0.794423
4.266660 -10.969381 19.197894 0.432630 0.037797 -0.084537 0.604600 0.791128
4.300000 -11.120968 19.249452 0.498513 0.040282 -0.084504 0.608763 0.787810
4.333330 -11.272936 19.298867 0.555514 0.042722 -0.084355 0.612916 0.784470
4.366660 -11.425313 19.346149 0.603028 0.045112 -0.084089 0.617061 0.781108
4.400000 -11.578127 19.391305 0.640546 0.047451 -0.083708 0.621198 0.777724
4.433330 -11.731271 19.434305 0.667633 0.049733 -0.083212 0.625325 0.774320
4.466660 -11.884774 19.475156 0.684006 0.051954 -0.082602 0.629442 0.770896
4.500000 -12.038665 19.513867 0.689486 0.054113 -0.081880 0.633550 0.767451
4.533330 -12.192834 19.550409 0.684009 0.056204 -0.081048 0.637647 0.763989
4.566660 -12.347312 19.584790 0.667639 0.058225 -0.080107 0.641732 0.760508
4.600000 -12.502325 19.616858 0.640608 0.060183 -0.079058 0.645809 0.757006
4.633330 -12.657377 19.646901 0.603103 0.062054 -0.077904 0.649871 0.753490
4.666660 -12.812686 19.674772 0.555591 0.063844 -0.076646 0.653921 0.749957
4.700000 -12.968281 19.700477 0.498575 0.065552 -0.075287 0.657960 0.746407
4.733330 -13.124054 19.723996 0.432712 0.067174 -0.073829 0.661984 0.742842
4.766660 -13.280032 19.745337 0.358710 0.068707 -0.072275 0.665993 0.739262
4.800000 -13.436246 19.764500 0.277352 0.070150 -0.070626 0.669989 0.735667
4.833330 -13.592586 19.781473 0.189580 0.071499 -0.068887 0.673969 0.732058
4.866660 -13.749080 19.796260 0.096331 0.072751 -0.067059 0.677933 0.728435
4.900000 -13.905759 19.808863 -0.001403 0.073906 -0.065146 0.681881 0.724798
4.933330 -14.062511 19.819274 -0.102494 0.074961 -0.063150 0.685811 0.721149
4.966660 -14.219367 19.827494 -0.205862 0.075913 -0.061076 0.689724 0.717487
5.000000 -14.376356 19.833524 -0.310406 0.076761 -0.058925 0.693619 0.713813
5.033330 -14.533367 19.837361 -0.414919 0.077503 -0.056703 0.697494 0.710127
5.066660 -14.690429 19.839006 -0.518288 0.078138 -0.054411 0.701350 0.706429
5.100000 -14.847572 19.838459 -0.619410 0.078664 -0.052054 0.705186 0.702720
5.133330 -15.004686 19.835719 -0.717116 0.079080 -0.049635 0.709000 0.699000
5.166660 -15.161800 19.830787 -0.810366 0.079386 -0.047159 0.712793 0.695269
5.200000 -15.318944 19.823661 -0.898166 0.079579 -0.044628 0.716566 0.691527
5.233330 -15.476006 19.814347 -0.979500 0.079660 -0.042047 0.720314 0.687775
5.266660 -15.633017 19.802843 -1.053505 0.079628 -0.039420 0.724039 0.684012
5.300000 -15.790005 19.789147 -1.119388 0.079482 -0.036751 0.727741 0.680238
5.333330 -15.946860 19.773268 -1.176388 0.079222 -0.034044 0.731419 0.676455
5.366660 -16.103612 19.755202 -1.223902 0.078848 -0.031303 0.735071 0.672662
5.400000 -16.260291 19.734949 -1.261420 0.078360 -0.028531 0.738699 0.668857
5.433330 -16.416785 19.712521 -1.288507 0.077758 -0.025735 0.742300 0.665043
5.466660 -16.573124 19.687913 -1.304880 0.077043 -0.022918 0.745875 0.661218
5.500000 -16.729337 19.661122 -1.310359 0.076215 -0.020082 0.749425 0.657382
5.533330 -16.885315 19.632165 -1.304882 0.075274 -0.017235 0.752946 0.653536
5.566660 -17.041087 19.601039 -1.288511 0.074223 -0.014379 0.756440 0.649679
5.600000 -17.196682 19.567737 -1.261416 0.073061 -0.011517 0.759907 0.645810
5.633330 -17.351990 19.532283 -1.223910 0.071790 -0.008657 0.763345 0.641931
5.666660 -17.507040 19.494669 -1.176397 0.070412 -0.005801 0.766755 0.638040
5.700000 -17.661909 19.454928 -1.119393 0.068927 -0.002954 0.770137 0.634136
5.733330 -17.816395 19.413010 -1.053530 0.067338 -0.000119 0.773490 0.630222
5.766660 -17.970573 19.368946 -0.979527 0.065646 0.002699 0.776813 0.626295
5.800000 -18.124472 19.322728 -0.898169 0.063854 0.005496 0.780108 0.622354
5.833330 -18.277982 19.274387 -0.810397 0.061963 0.008267 0.783372 0.618401
5.866660 -18.431134 19.223917 -0.717147 0.059976 0.011009 0.786608 0.614435
5.900000 -18.583956 19.171305 -0.619411 0.057895 0.013719 0.789814 0.610453
5.933330 -18.736339 19.116591 -0.518320 0.055724 0.016390 0.792990 0.606459
5.966660 -18.888314 19.059762 -0.414951 0.053464 0.019021 0.796137 0.602450
6.000000 -19.039907 19.000809 -0.310405 0.051118 0.021607 0.799255 0.598425
6.033330 -19.191013 18.939773 -0.205890 0.048690 0.024144 0.802342 0.594385
6.066660 -19.341660 18.876644 -0.102521 0.046183 0.026628 0.805400 0.590329
6.100000 -19.491877 18.811408 -0.001398 0.043599 0.029058 0.808430 0.586256
6.133330 -19.641556 18.744112 0.096308 0.040943 0.031427 0.811429 0.582167
6.166660 -19.790727 18.674743 0.189560 0.038218 0.033734 0.814400 0.578061
6.200000 -19.939418 18.603288 0.277360 0.035427 0.035976 0.817342 0.573936
6.233330 -20.087523 18.529798 0.358695 0.032574 0.038148 0.820255 0.569794
6.266660 -20.235070 18.454259 0.432700 0.029664 0.040249 0.823140 0.565633
6.300000 -20.382089 18.376656 0.498584 0.026699 0.042275 0.825997 0.561452
6.333330 -20.528473 18.297044 0.555585 0.023685 0.044223 0.828826 0.557254
6.366660 -20.674252 18.215409 0.603100 0.020624 0.046091 0.831627 0.553035
6.400000 -20.819452 18.131733 0.640619 0.017521 0.047877 0.834401 0.548795
6.433330 -20.963972 18.046079 0.667707 0.014382 0.049577 0.837148 0.544536
6.466660 -21.107837 17.958428 0.684081 0.011209 0.051190 0.839868 0.540256
6.500000 -21.251077 17.868764 0.689562 0.008007 0.052715 0.842562 0.535953
6.533330 -21.393589 17.777151 0.684086 0.004781 0.054147 0.845230 0.531631
6.566660 -21.535400 17.683571 0.667716 0.001536 0.055487 0.847872 0.527287
6.600000 -21.676538 17.588007 0.640622 -0.001726 0.056733 0.850490 0.522920
6.633330 -21.816901 17.490526 0.603117 -0.004998 0.057882 0.853082 0.518532
6.666660 -21.956518 17.391109 0.555606 -0.008276 0.058934 0.855650 0.514122
6.700000 -22.095414 17.289739 0.498590 -0.011556 0.059888 0.858195 0.509688
6.733330 -22.233490 17.186485 0.432728 -0.014832 0.060743 0.860715 0.505233
6.766660 -22.370774 17.081330 0.358725 -0.018101 0.061497 0.863212 0.500755
6.799990 -22.507251 16.974285 0.277393 -0.021357 0.062150 0.865686 0.496255
6.833330 -22.642945 16.865329 0.189596 -0.024598 0.062702 0.868138 0.491731
6.866660 -22.777761 16.754540 0.096346 -0.027816 0.063152 0.870568 0.487185
6.899990 -22.911725 16.641896 -0.001358 -0.031008 0.063500 0.872976 0.482618
6.933330 -23.044862 16.527376 -0.102479 -0.034170 0.063746 0.875363 0.478026
6.966660 -23.177077 16.411061 -0.205847 -0.037296 0.063890 0.877728 0.473414
6.999990 -23.308396 16.292930 -0.310361 -0.040382 0.063933 0.880073 0.468779
7.033330 -23.438843 16.172959 -0.414905 -0.043426 0.063874 0.882398 0.464121
7.066660 -23.568327 16.051233 -0.518274 -0.046420 0.063715 0.884702 0.459444
7.099990 -23.696872 15.927731 -0.619365 -0.049361 0.063456 0.886986 0.454744
7.133330 -23.824502 15.802427 -0.717100 -0.052246 0.063098 0.889252 0.450023
7.166660 -23.951126 15.675411 -0.810351 -0.055070 0.062643 0.891497 0.445282
7.199990 -24.076771 15.546662 -0.898125 -0.057828 0.062090 0.893724 0.440521
7.233330 -24.201457 15.416149 -0.979485 -0.060518 0.061442 0.895932 0.435739
7.266660 -24.325098 15.283968 -1.053489 -0.063133 0.060700 0.898121 0.430938
7.299990 -24.447716 15.150094 -1.119354 -0.065672 0.059866 0.900292 0.426119
7.333330 -24.569336 15.014501 -1.176373 -0.068132 0.058941 0.902445 0.421280
7.366660 -24.689870 14.877286 -1.223888 -0.070506 0.057928 0.904579 0.416425
7.399990 -24.809342 14.738422 -1.261396 -0.072792 0.056828 0.906695 0.411553
7.433330 -24.927775 14.597883 -1.288493 -0.074988 0.055643 0.908794 0.406662
7.466660 -25.045084 14.455768 -1.304866 -0.077090 0.054376 0.910874 0.401757
7.499990 -25.161292 14.312051 -1.310346 -0.079094 0.053029 0.912936 0.396837
7.533330 -25.276421 14.166704 -1.304869 -0.080998 0.051604 0.914981 0.391900
7.566660 -25.390389 14.019831 -1.288498 -0.082798 0.050105 0.917008 0.386951
7.599990 -25.503219 13.871403 -1.261413 -0.084493 0.048533 0.919016 0.381988
7.633330 -25.614930 13.721392 -1.223898 -0.086079 0.046892 0.921007 0.377011
7.666660 -25.725445 13.569904 -1.176385 -0.087554 0.045184 0.922979 0.372024
7.699990 -25.834785 13.416912 -1.119387 -0.088916 0.043413 0.924933 0.367026
7.733330 -25.942969 13.262384 -1.053505 -0.090164 0.041581 0.926869 0.362015
7.766660 -26.049921 13.106432 -0.979502 -0.091293 0.039692 0.928786 0.356996
7.799990 -26.155674 12.949030 -0.898175 -0.092304 0.037750 0.930684 0.351969
7.833330 -26.260224 12.790140 -0.810377 -0.093195 0.035756 0.932564 0.346931
7.866660 -26.363509 12.629877 -0.717127 -0.093963 0.033715 0.934424 0.341887
7.899990 -26.465548 12.468213 -0.619422 -0.094608 0.031630 0.936264 0.336837
7.933330 -26.566360 12.305114 -0.518301 -0.095128 0.029504 0.938085 0.331778
7.966660 -26.665875 12.140699 -0.414932 -0.095523 0.027342 0.939885 0.326716
7.999990 -26.764111 11.974936 -0.310419 -0.095792 0.025147 0.941665 0.321649
8.033330 -26.861086 11.807792 -0.205873 -0.095934 0.022921 0.943425 0.316577
8.066660 -26.956733 11.639387 -0.102504 -0.095949 0.020670 0.945163 0.311502
8.099990 -27.051069 11.469688 -0.001412 -0.095837 0.018397 0.946880 0.306425
8.133330 -27.144112 11.298664 0.096324 -0.095596 0.016105 0.948575 0.301343
8.166660 -27.235796 11.126434 0.189575 -0.095229 0.013799 0.950247 0.296262
8.200000 -27.326166 10.952916 0.277375 -0.094734 0.011482 0.951898 0.291178
8.233330 -27.415158 10.778232 0.358710 -0.094112 0.009158 0.953524 0.286095
8.266660 -27.502791 10.602350 0.432715 -0.093364 0.006831 0.955127 0.281013
8.300000 -27.589077 10.425234 0.498598 -0.092491 0.004504 0.956707 0.275929
8.333330 -27.673958 10.247011 0.555599 -0.091493 0.002182 0.958262 0.270847
8.366660 -27.757450 10.067647 0.603114 -0.090372 -0.000131 0.959792 0.265767
8.400000 -27.839568 9.887108 0.640632 -0.089129 -0.002433 0.961297 0.260687
8.433330 -27.920254 9.705522 0.667720 -0.087766 -0.004719 0.962776 0.255610
8.466670 -27.999547 9.522800 0.684097 -0.086283 -0.006986 0.964230 0.250534
8.500000 -28.077391 9.339071 0.689573 -0.084684 -0.009229 0.965656 0.245463
8.533330 -28.153803 9.154301 0.684096 -0.082970 -0.011445 0.967055 0.240394
8.566670 -28.228795 8.968455 0.667719 -0.081143 -0.013631 0.968427 0.235327
8.600000 -28.302314 8.781664 0.640631 -0.079205 -0.015783 0.969771 0.230264
8.633340 -28.374396 8.593836 0.603113 -0.077159 -0.017898 0.971087 0.225203
8.666670 -28.444991 8.405105 0.555598 -0.075008 -0.019971 0.972373 0.220147
8.700000 -28.514112 8.215436 0.498596 -0.072754 -0.021999 0.973631 0.215095
8.733340 -28.581772 8.024791 0.432713 -0.070400 -0.023981 0.974859 0.210044
8.766670 -28.647923 7.833307 0.358708 -0.067949 -0.025911 0.976057 0.204999
8.800000 -28.712578 7.640946 0.277373 -0.065405 -0.027787 0.977224 0.199956
8.833340 -28.775748 7.447673 0.189574 -0.062770 -0.029607 0.978362 0.194915
8.866670 -28.837390 7.253624 0.096323 -0.060049 -0.031366 0.979467 0.189879
8.900010 -28.897533 7.058704 -0.001413 -0.057244 -0.033063 0.980542 0.184844
8.933340 -28.956134 6.863051 -0.102505 -0.054360 -0.034693 0.981585 0.179814
8.966670 -29.013206 6.666629 -0.205874 -0.051400 -0.036256 0.982595 0.174786
9.000010 -29.068758 6.469400 -0.310419 -0.048368 -0.037748 0.983574 0.169758
9.033340 -29.122752 6.271503 -0.414933 -0.045268 -0.039166 0.984520 0.164734
9.066670 -29.175197 6.072902 -0.518302 -0.042106 -0.040509 0.985433 0.159711
9.100010 -29.226104 5.873558 -0.619423 -0.038882 -0.041775 0.986314 0.154688
9.133340 -29.275435 5.673612 -0.717128 -0.035605 -0.042961 0.987161 0.149668
9.166680 -29.323218 5.472967 -0.810405 -0.032276 -0.044066 0.987975 0.144646
9.200010 -29.369415 5.271765 -0.898176 -0.028902 -0.045088 0.988755 0.139626
9.233340 -29.414038 5.069969 -0.979508 -0.025486 -0.046024 0.989502 0.134605
9.266680 -29.457093 4.867538 -1.053532 -0.022032 -0.046875 0.990215 0.129582
9.300010 -29.498550 4.664617 -1.119391 -0.018546 -0.047638 0.990894 0.124559
9.333340 -29.538419 4.461168 -1.176389 -0.015033 -0.048312 0.991540 0.119534
9.366680 -29.576705 4.257152 -1.223914 -0.011496 -0.048896 0.992152 0.114505
9.400010 -29.613383 4.052713 -1.261416 -0.007942 -0.049390 0.992730 0.109476
9.433350 -29.648469 3.847751 -1.288507 -0.004373 -0.049792 0.993274 0.104441
9.466680 -29.681938 3.642411 -1.304874 -0.000797 -0.050103 0.993785 0.099404
9.500010 -29.713799 3.436655 -1.310347 0.002783 -0.050321 0.994261 0.094363
9.533350 -29.744055 3.230444 -1.304864 0.006362 -0.050447 0.994705 0.089316
9.566680 -29.772686 3.023922 -1.288486 0.009935 -0.050480 0.995114 0.084265
9.600010 -29.799698 2.817053 -1.261395 0.013496 -0.050421 0.995491 0.079209
9.633350 -29.825095 2.609795 -1.223874 0.017044 -0.050269 0.995834 0.074145
9.666680 -29.848860 2.402296 -1.176356 0.020569 -0.050025 0.996144 0.069076
9.700020 -29.871004 2.194454 -1.119334 0.024070 -0.049690 0.996421 0.063999
9.733350 -29.891511 1.986417 -1.053467 0.027540 -0.049265 0.996666 0.058916
9.766680 -29.910385 1.778146 -0.979459 0.030975 -0.048749 0.996879 0.053826
9.800020 -29.927630 1.569599 -0.898097 0.034371 -0.048145 0.997059 0.048726
9.833350 -29.943234 1.360926 -0.810321 0.037723 -0.047453 0.997207 0.043619
9.866680 -29.957199 1.152064 -0.717065 0.041026 -0.046675 0.997324 0.038504
9.900020 -29.969529 0.943018 -0.619327 0.044277 -0.045811 0.997410 0.033379
9.933350 -29.980214 0.733913 -0.518234 0.047469 -0.044864 0.997465 0.028246
9.966690 -29.989260 0.524649 -0.414833 0.050600 -0.043835 0.997489 0.023102
10.000000 -29.996655 0.315498 -0.310381 0.053662 -0.042727 0.997483 0.017954
10.033400 -30.002424 0.105730 -0.205647 0.056663 -0.041538 0.997447 0.012782
10.066700 -30.006530 -0.103438 -0.102373 0.059580 -0.040277 0.997382 0.007616
10.100000 -30.008993 -0.312612 -0.001372 0.062419 -0.038942 0.997287 0.002441
10.133400 -30.009817 -0.522397 0.096538 0.065184 -0.037532 0.997163 -0.002760
10.166700 -30.008993 -0.731514 0.189699 0.067855 -0.036057 0.997012 -0.007955
10.200000 -30.006524 -0.940567 0.277394 0.070437 -0.034516 0.996832 -0.013159
10.233400 -30.002402 -1.150162 0.358895 0.072933 -0.032907 0.996624 -0.018388
10.266700 -29.996646 -1.359021 0.432825 0.075326 -0.031241 0.996390 -0.023611
10.300000 -29.989248 -1.567748 0.498629 0.077620 -0.029518 0.996128 -0.028843
10.333400 -29.980182 -1.776946 0.555744 0.079817 -0.027734 0.995840 -0.034100
10.366700 -29.969502 -1.985341 0.603205 0.081903 -0.025904 0.995526 -0.039349
10.400000 -29.957186 -2.193535 0.640677 0.083881 -0.024025 0.995187 -0.044607
10.433400 -29.943189 -2.402130 0.667815 0.085753 -0.022094 0.994821 -0.049889
10.466700 -29.927596 -2.609855 0.684162 0.087507 -0.020127 0.994432 -0.055162
10.500000 -29.910368 -2.817311 0.689634 0.089145 -0.018121 0.994018 -0.060442
10.533400 -29.891451 -3.025097 0.684138 0.090671 -0.016073 0.993578 -0.065745
10.566700 -29.870960 -3.231947 0.667770 0.092072 -0.013999 0.993116 -0.071038
10.600000 -29.848840 -3.438460 0.640706 0.093351 -0.011896 0.992631 -0.076338
10.633400 -29.825023 -3.645232 0.603115 0.094512 -0.009761 0.992121 -0.081657
10.666700 -29.799651 -3.851003 0.555635 0.095543 -0.007612 0.991590 -0.086967
10.700000 -29.772661 -4.056369 0.498686 0.096450 -0.005444 0.991036 -0.092279
10.733400 -29.743967 -4.261923 0.432680 0.097231 -0.003256 0.990458 -0.097612
10.766700 -29.713742 -4.466412 0.358736 0.097881 -0.001064 0.989860 -0.102931
10.800000 -29.681907 -4.670429 0.277477 0.098404 0.001136 0.989241 -0.108252
10.833400 -29.648365 -4.874562 0.189517 0.098797 0.003346 0.988598 -0.113590
10.866700 -29.613316 -5.077566 0.096348 0.099059 0.005548 0.987935 -0.118914
10.900000 -29.576668 -5.280032 -0.001267 0.099193 0.007747 0.987252 -0.124237
10.933400 -29.538313 -5.482543 -0.102577 0.099194 0.009944 0.986545 -0.129575
10.966700 -29.498475 -5.683863 -0.205851 0.099065 0.012122 0.985821 -0.134897
11.000000 -29.457051 -5.884579 -0.310266 0.098808 0.014287 0.985075 -0.140215
11.033400 -29.413915 -6.085267 -0.414994 0.098419 0.016438 0.984307 -0.145547
11.066700 -29.369328 -6.284705 -0.518263 0.097903 0.018560 0.983520 -0.150859
11.100000 -29.323168 -6.483471 -0.619256 0.097259 0.020657 0.982714 -0.156167
11.133400 -29.275293 -6.682139 -0.717159 0.096486 0.022730 0.981884 -0.161485
11.166700 -29.225999 -6.879496 -0.810312 0.095588 0.024764 0.981037 -0.166781
11.200000 -29.175148 -7.076117 -0.897998 0.094567 0.026761 0.980170 -0.172070
11.233400 -29.122590 -7.272568 -0.979489 0.093419 0.028724 0.979279 -0.177368
11.266700 -29.068640 -7.467651 -1.053409 0.092153 0.030637 0.978372 -0.182642
11.300000 -29.013150 -7.661933 -1.119202 0.090767 0.032505 0.977443 -0.187907
11.333400 -28.955953 -7.855973 -1.176306 0.089260 0.034327 0.976492 -0.193178
11.366700 -28.897402 -8.048589 -1.223755 0.087641 0.036091 0.975523 -0.198424
11.400000 -28.837326 -8.240340 -1.261215 0.085909 0.037799 0.974533 -0.203657
11.433400 -28.775552 -8.431779 -1.288342 0.084062 0.039453 0.973519 -0.208896
11.466700 -28.712451 -8.621737 -1.304676 0.082111 0.041039 0.972488 -0.214106
11.500000 -28.647849 -8.810768 -1.310135 0.080056 0.042561 0.971435 -0.219303
11.533400 -28.581554 -8.999414 -1.304628 0.077891 0.044020 0.970357 -0.224503
11.566700 -28.513973 -9.186527 -1.288249 0.075634 0.045404 0.969262 -0.229674
11.600000 -28.444909 -9.372651 -1.261174 0.073281 0.046715 0.968144 -0.234830
11.633400 -28.374160 -9.558321 -1.223572 0.070828 0.047954 0.967001 -0.239986
11.666700 -28.302158 -9.742403 -1.176080 0.068292 0.049112 0.965838 -0.245113
11.700000 -28.228711 -9.925435 -1.119123 0.065669 0.050191 0.964654 -0.250223
11.733400 -28.153579 -10.107944 -1.053107 0.062958 0.051191 0.963442 -0.255333
11.766700 -28.077234 -10.288816 -0.979153 0.060176 0.052104 0.962211 -0.260411
11.800000 -27.999459 -10.468578 -0.897884 0.057318 0.052930 0.960956 -0.265473
11.833400 -27.920018 -10.647747 -0.809916 0.054384 0.053673 0.959673 -0.270534
11.866700 -27.839402 -10.825230 -0.716739 0.051392 0.054325 0.958370 -0.275562
11.900000 -27.757396 -11.001544 -0.619118 0.048334 0.054885 0.957043 -0.280573
11.933400 -27.673727 -11.177197 -0.517810 0.045213 0.055356 0.955685 -0.285581
11.966700 -27.588919 -11.351114 -0.414530 0.042047 0.055733 0.954307 -0.290558
12.000000 -27.502751 -11.523816 -0.310116 0.038832 0.056017 0.952903 -0.295516
12.033400 -27.414934 -11.695777 -0.205384 0.035563 0.056207 0.951469 -0.300472
12.066700 -27.326022 -11.865960 -0.102114 0.032263 0.056300 0.950012 -0.305397
12.100000 -27.235755 -12.034858 -0.001118 0.028926 0.056297 0.948528 -0.310304
12.133400 -27.143876 -12.202958 0.096785 0.025549 0.056198 0.947012 -0.315208
12.166700 -27.050944 -12.369236 0.189939 0.022158 0.056004 0.945474 -0.320081
12.200000 -26.956692 -12.534177 0.277624 0.018743 0.055712 0.943907 -0.324937
12.233400 -26.860844 -12.698253 0.359115 0.015303 0.055324 0.942308 -0.329790
12.266700 -26.763982 -12.860462 0.433033 0.011860 0.054840 0.940684 -0.334612
12.300100 -26.665536 -13.021761 0.499009 0.008400 0.054259 0.939026 -0.339433
12.333400 -26.566108 -13.181167 0.555925 0.004948 0.053584 0.937345 -0.344223
12.366700 -26.465411 -13.339146 0.603372 0.001497 0.052813 0.935633 -0.348998
12.400100 -26.363154 -13.496151 0.640925 -0.001956 0.051948 0.933886 -0.353772
12.433400 -26.259960 -13.651225 0.667951 -0.005387 0.050992 0.932114 -0.358516
12.466700 -26.155529 -13.804820 0.684281 -0.008803 0.049944 0.930312 -0.363247
12.500100 -26.049562 -13.957376 0.689737 -0.012206 0.048804 0.928473 -0.367977
12.533400 -25.942700 -14.107963 0.684226 -0.015574 0.047577 0.926608 -0.372680
12.566700 -25.834641 -14.257022 0.667841 -0.018913 0.046263 0.924713 -0.377370
12.600100 -25.725068 -14.404980 0.640665 -0.022226 0.044861 0.922780 -0.382060
12.633400 -25.614648 -14.550933 0.603157 -0.025489 0.043379 0.920822 -0.386724
12.666700 -25.503063 -14.695307 0.555662 -0.028710 0.041815 0.918831 -0.391378
12.700100 -25.389992 -14.838519 0.498514 -0.031891 0.040167 0.916803 -0.396033
12.733400 -25.276123 -14.979694 0.432681 -0.035011 0.038447 0.914749 -0.400662
12.766700 -25.161128 -15.119245 0.358725 -0.038073 0.036654 0.912663 -0.405282
12.800100 -25.044672 -15.257571 0.277200 -0.041085 0.034782 0.910539 -0.409905
12.833400 -24.927463 -15.393827 0.189486 -0.044022 0.032848 0.908388 -0.414504
12.866700 -24.809175 -15.528419 0.096309 -0.046890 0.030847 0.906207 -0.419094
12.900100 -24.689448 -15.661722 -0.001612 -0.049696 0.028777 0.903986 -0.423689
12.933400 -24.569017 -15.792925 -0.102620 -0.052416 0.026652 0.901739 -0.428262
12.966700 -24.447540 -15.922418 -0.205898 -0.055058 0.024471 0.899461 -0.432828
13.000100 -24.324660 -16.050565 -0.310629 -0.057624 0.022229 0.897144 -0.437400
13.033400 -24.201126 -16.176587 -0.415044 -0.060097 0.019943 0.894802 -0.441950
13.066700 -24.076585 -16.300855 -0.518316 -0.062480 0.017610 0.892429 -0.446494
13.100100 -23.950673 -16.423722 -0.619613 -0.064778 0.015227 0.890017 -0.451046
13.133400 -23.824161 -16.544440 -0.717223 -0.066973 0.012810 0.887581 -0.455576
13.166700 -23.696681 -16.663362 -0.810385 -0.069071 0.010358 0.885115 -0.460102
13.200100 -23.567862 -16.780827 -0.898334 -0.071074 0.007865 0.882610 -0.464635
13.233400 -23.438490 -16.896118 -0.979583 -0.072967 0.005351 0.880083 -0.469150
13.266700 -23.308195 -17.009577 -1.053516 -0.074756 0.002813 0.877525 -0.473659
13.300100 -23.176596 -17.121524 -1.119507 -0.076442 0.000245 0.874930 -0.478177
13.333400 -23.044495 -17.231276 -1.176442 -0.078013 -0.002331 0.872314 -0.482676
13.366700 -22.911515 -17.339160 -1.223907 -0.079473 -0.004921 0.869669 -0.487171
13.400100 -22.777262 -17.445475 -1.261481 -0.080825 -0.007528 0.866987 -0.491675
13.433400 -22.642562 -17.549581 -1.288527 -0.082057 -0.010132 0.864286 -0.496160
13.466700 -22.507028 -17.651783 -1.304879 0.083173 0.012736 -0.861556 0.500640
13.500100 -22.370259 -17.752367 -1.310356 0.084176 0.015346 -0.858792 0.505129
13.533400 -22.233094 -17.850723 -1.304866 0.085057 0.017940 -0.856009 0.509600
13.566700 -22.095138 -17.947143 -1.288503 0.085819 0.020523 -0.853200 0.514066
13.600100 -21.955989 -18.041896 -1.261348 0.086463 0.023098 -0.850356 0.518541
13.633400 -21.816494 -18.134406 -1.223860 0.086986 0.025646 -0.847497 0.522996
13.666700 -21.676254 -18.224948 -1.176384 0.087387 0.028171 -0.844612 0.527447
13.700100 -21.534894 -18.313835 -1.119244 0.087668 0.030677 -0.841696 0.531904
13.733400 -21.393208 -18.400410 -1.053428 0.087828 0.033143 -0.838764 0.536342
13.766700 -21.250822 -18.484987 -0.979486 0.087869 0.035574 -0.835809 0.540774
13.800100 -21.107323 -18.567807 -0.897971 0.087789 0.037974 -0.832822 0.545214
13.833400 -20.963583 -18.648357 -0.810267 0.087590 0.040324 -0.829823 0.549632
13.866700 -20.819192 -18.726883 -0.717098 0.087271 0.042626 -0.826803 0.554043
13.900100 -20.673731 -18.803609 -0.619181 0.086834 0.044885 -0.823752 0.558460
13.933400 -20.528080 -18.878057 -0.518177 0.086280 0.047083 -0.820691 0.562855
13.966700 -20.381825 -18.950456 -0.414900 0.085611 0.049224 -0.817610 0.567241
14.000100 -20.234543 -19.021010 -0.310165 0.084825 0.051310 -0.814500 0.571631
14.033400 -20.087127 -19.089283 -0.205746 0.083927 0.053325 -0.811381 0.575998
14.066700 -19.939153 -19.155482 -0.102472 0.082920 0.055272 -0.808244 0.580355
14.100100 -19.790192 -19.219792 -0.001172 0.081798 0.057154 -0.805079 0.584713
14.133400 -19.641153 -19.281820 0.096439 0.080572 0.058956 -0.801908 0.589047
14.166700 -19.491527 -19.341890 0.189597 0.079239 0.060682 -0.798719 0.593369
14.200100 -19.341037 -19.399901 0.277546 0.077800 0.062332 -0.795504 0.597691
14.233400 -19.190521 -19.455627 0.358795 0.076264 0.063894 -0.792284 0.601987
14.266700 -19.039546 -19.509242 0.432726 0.074630 0.065370 -0.789048 0.606268
14.300100 -18.887675 -19.560890 0.498715 0.072894 0.066763 -0.785787 0.610548
14.333400 -18.735828 -19.610246 0.555649 0.071070 0.068060 -0.782521 0.614799
14.366700 -18.583578 -19.657484 0.603112 0.069157 0.069265 -0.779241 0.619035
14.400100 -18.430476 -19.702719 0.640682 0.067150 0.070378 -0.775936 0.623266
14.433400 -18.277458 -19.745676 0.667726 0.065066 0.071390 -0.772628 0.627467
14.466700 -18.124081 -19.786489 0.684074 0.062901 0.072303 -0.769307 0.631651
14.500100 -17.969900 -19.825267 0.689548 0.060651 0.073117 -0.765962 0.635828
14.533400 -17.815856 -19.861772 0.684055 0.058335 0.073826 -0.762614 0.639974
14.566700 -17.661505 -19.896121 0.667689 0.055948 0.074431 -0.759254 0.644099
14.600100 -17.506398 -19.928403 0.640530 0.053487 0.074933 -0.755870 0.648217
14.633400 -17.351481 -19.958421 0.603039 0.050971 0.075326 -0.752484 0.652301
14.666700 -17.196308 -19.986275 0.555560 0.048395 0.075609 -0.749086 0.656362
14.700100 -17.040427 -20.012029 0.498428 0.045757 0.075786 -0.745665 0.660414
14.733400 -16.884790 -20.035529 0.432609 0.043075 0.075853 -0.742241 0.664431
14.766800 -16.728478 -20.056915 0.358432 0.040338 0.075810 -0.738795 0.668437
14.800100 -16.572445 -20.076055 0.277153 0.037567 0.075657 -0.735346 0.672407
14.833400 -16.416240 -20.093013 0.189449 0.034756 0.075391 -0.731885 0.676352
14.866800 -16.259412 -20.107833 0.095993 0.031902 0.075015 -0.728401 0.680285
14.900100 -16.102915 -20.120420 -0.001634 0.029027 0.074529 -0.724914 0.684180
14.933400 -15.946298 -20.130823 -0.102637 0.026125 0.073931 -0.721414 0.688050
14.966800 -15.789107 -20.139059 -0.206224 0.023193 0.073221 -0.717891 0.691905
15.000100 -15.632301 -20.145081 -0.310642 0.020253 0.072404 -0.714365 0.695723
15.033400 -15.475426 -20.148917 -0.415056 0.017299 0.071478 -0.710825 0.699513
15.066800 -15.318026 -20.150543 -0.518632 0.014328 0.070440 -0.707262 0.703288
15.100100 -15.161065 -20.149995 -0.619618 0.011361 0.069298 -0.703694 0.707024
15.133400 -15.004086 -20.147257 -0.717223 0.008393 0.068049 -0.700111 0.710734
15.166800 -14.846637 -20.142309 -0.810652 0.005422 0.066692 -0.696504 0.714427
15.200100 -14.689676 -20.135192 -0.898321 0.002468 0.065236 -0.692892 0.718080
15.233400 -14.532834 -20.125841 -0.979559 -0.000470 0.063678 -0.689266 0.721705
15.266800 -14.375493 -20.114312 -1.053691 -0.003401 0.062017 -0.685612 0.725313
15.300100 -14.218691 -20.100630 -1.119461 -0.006303 0.060262 -0.681953 0.728882
15.333400 -14.061975 -20.084763 -1.176384 -0.009180 0.058410 -0.678276 0.732424
15.366800 -13.904892 -20.066660 -1.223964 -0.012034 0.056460 -0.674573 0.735948
15.400100 -13.748400 -20.046427 -1.261396 -0.014846 0.054425 -0.670863 0.739433
15.433400 -13.592048 -20.024011 -1.288429 -0.017621 0.052301 -0.667134 0.742890
15.466800 -13.435379 -19.999351 -1.304799 -0.020361 0.050085 -0.663377 0.746329
15.500100 -13.279352 -19.972588 -1.310229 -0.023046 0.047793 -0.659613 0.749731
15.533400 -13.123521 -19.943647 -1.304726 -0.025683 0.045420 -0.655828 0.753104
15.566800 -12.967422 -19.912453 -1.288283 -0.028274 0.042964 -0.652014 0.756461
15.600100 -12.812013 -19.879186 -1.261179 -0.030800 0.040442 -0.648191 0.759779
15.633400 -12.656852 -19.843755 -1.223677 -0.033266 0.037849 -0.644347 0.763071
15.666800 -12.501476 -19.806059 -1.176031 -0.035675 0.035182 -0.640471 0.766346
15.700100 -12.346840 -19.766323 -1.119046 -0.038009 0.032459 -0.636586 0.769584
15.733400 -12.192495 -19.724438 -1.053219 -0.040274 0.029677 -0.632678 0.772797
15.766800 -12.037995 -19.680277 -0.979033 -0.042471 0.026830 -0.628738 0.775993
15.800100 -11.884283 -19.634110 -0.897746 -0.044585 0.023941 -0.624787 0.779153
15.833400 -11.730912 -19.585811 -0.810035 -0.046621 0.021003 -0.620813 0.782289
15.866800 -11.577441 -19.535230 -0.716572 -0.048580 0.018012 -0.616805 0.785409
15.900100 -11.424804 -19.482678 -0.618939 -0.050449 0.014991 -0.612786 0.788495
15.933400 -11.272560 -19.428010 -0.517932 -0.052231 0.011934 -0.608743 0.791556
15.966800 -11.120268 -19.371058 -0.414341 -0.053929 0.008837 -0.604664 0.794604
16.000100 -10.968858 -19.312171 -0.309919 -0.055531 0.005721 -0.600574 0.797618
16.033400 -10.817890 -19.251187 -0.205502 -0.057039 0.002583 -0.596459 0.800610
16.066800 -10.666929 -19.187921 -0.101923 -0.058457 -0.000582 -0.592308 0.803588
16.100100 -10.516959 -19.122733 -0.000929 -0.059773 -0.003751 -0.588145 0.806535
16.133400 -10.367419 -19.055496 0.096677 -0.060992 -0.006930 -0.583958 0.809460
16.166800 -10.217939 -18.985977 0.190107 -0.062115 -0.010124 -0.579733 0.812372
16.200100 -10.069432 -18.914603 0.277778 -0.063134 -0.013308 -0.575497 0.815255
16.233400 -9.921465 -18.841176 0.359021 -0.064051 -0.016488 -0.571236 0.818117
16.266800 -9.773613 -18.765473 0.433156 -0.064868 -0.019668 -0.566937 0.820967
16.300100 -9.626775 -18.687961 0.498930 -0.065579 -0.022826 -0.562628 0.823789
16.333400 -9.480527 -18.608418 0.555857 -0.066187 -0.025966 -0.558293 0.826592
16.366800 -9.334447 -18.526607 0.603442 -0.066691 -0.029092 -0.553922 0.829383
16.400100 -9.189426 -18.443028 0.640880 -0.067089 -0.032182 -0.549539 0.832148
16.433400 -9.045041 -18.357448 0.667919 -0.067383 -0.035241 -0.545133 0.834894
16.466800 -8.900878 -18.269609 0.684294 -0.067572 -0.038273 -0.540690 0.837630
16.500100 -8.757816 -18.180047 0.689730 -0.067657 -0.041256 -0.536237 0.840339
16.533400 -8.615437 -18.088513 0.684232 -0.067637 -0.044194 -0.531761 0.843031
16.566800 -8.473333 -17.994733 0.667795 -0.067514 -0.047091 -0.527250 0.845714
16.600100 -8.332370 -17.899279 0.640697 -0.067288 -0.049928 -0.522729 0.848371
16.633400 -8.192248 -17.801866 0.603202 -0.066959 -0.052706 -0.518187 0.851012
16.666800 -8.052347 -17.702237 0.555562 -0.066529 -0.055432 -0.513609 0.853643
16.700100 -7.913627 -17.600982 0.498583 -0.066001 -0.058084 -0.509025 0.856250
16.733400 -7.775682 -17.497821 0.432761 -0.065375 -0.060668 -0.504421 0.858840
16.766800 -7.638117 -17.392443 0.358581 -0.064649 -0.063185 -0.499782 0.861421
16.800100 -7.501772 -17.285489 0.277298 -0.063830 -0.065618 -0.495139 0.863978
16.833400 -7.366249 -17.176661 0.189591 -0.062917 -0.067971 -0.490477 0.866518
16.866800 -7.231156 -17.065640 0.096131 -0.061910 -0.070248 -0.485782 0.869050
16.900100 -7.097321 -16.953093 -0.001500 -0.060815 -0.072429 -0.481085 0.871558
16.933400 -6.964353 -16.838708 -0.102508 -0.059633 -0.074521 -0.476370 0.874049
16.966800 -6.831867 -16.722148 -0.206101 -0.058362 -0.076526 -0.471626 0.876531
17.000100 -6.700673 -16.604123 -0.310526 -0.057011 -0.078426 -0.466880 0.878989
17.033400 -6.570390 -16.484294 -0.414948 -0.055580 -0.080228 -0.462120 0.881430
17.066700 -6.441031 -16.362676 -0.518224 -0.054070 -0.081928 -0.457344 0.883855
17.100100 -6.312221 -16.238916 -0.619522 -0.052480 -0.083527 -0.452542 0.886270
17.133400 -6.184753 -16.113760 -0.717130 -0.050822 -0.085013 -0.447742 0.888660
17.166700 -6.058247 -15.986862 -0.810289 -0.049094 -0.086391 -0.442929 0.891033
17.200100 -5.932343 -15.857845 -0.898232 -0.047294 -0.087659 -0.438091 0.893395
17.233400 -5.807811 -15.727491 -0.979473 -0.045435 -0.088810 -0.433257 0.895733
17.266700 -5.684289 -15.595429 -1.053396 -0.043517 -0.089846 -0.428413 0.898052
17.300100 -5.561418 -15.461277 -1.119377 -0.041534 -0.090766 -0.423545 0.900359
17.333400 -5.439949 -15.325849 -1.176300 -0.039504 -0.091564 -0.418684 0.902640
17.366700 -5.319531 -15.188757 -1.223753 -0.037424 -0.092242 -0.413814 0.904902
17.400100 -5.199813 -15.049603 -1.261315 -0.035290 -0.092801 -0.408923 0.907152
17.433400 -5.081531 -14.909232 -1.288348 -0.033119 -0.093234 -0.404040 0.909374
17.466700 -4.964335 -14.767245 -1.304687 -0.030908 -0.093544 -0.399152 0.911577
17.500100 -4.847891 -14.623226 -1.310151 -0.028654 -0.093730 -0.394243 0.913765
17.533400 -4.732909 -14.478053 -1.304649 -0.026374 -0.093791 -0.389345 0.915925
17.566700 -4.619050 -14.331313 -1.288273 -0.024065 -0.093726 -0.384442 0.918063
17.600100 -4.505993 -14.182574 -1.261104 -0.021725 -0.093535 -0.379521 0.920186
17.633400 -4.394427 -14.032740 -1.223604 -0.019370 -0.093219 -0.374612 0.922280
17.666700 -4.284020 -13.881389 -1.176116 -0.016997 -0.092777 -0.369701 0.924351
17.700100 -4.174460 -13.728075 -1.118976 -0.014604 -0.092209 -0.364772 0.926405
17.733400 -4.066415 -13.573732 -1.053150 -0.012209 -0.091517 -0.359857 0.928428
17.766700 -3.959510 -13.417899 -0.979201 -0.009809 -0.090702 -0.354940 0.930427
17.800100 -3.853554 -13.260160 -0.897684 -0.007399 -0.089762 -0.350008 0.932407
17.833400 -3.749138 -13.101458 -0.809977 -0.004998 -0.088701 -0.345091 0.934355
17.866700 -3.645953 -12.941338 -0.716804 -0.002602 -0.087519 -0.340173 0.936278
17.900100 -3.543706 -12.779334 -0.618888 -0.000209 -0.086215 -0.335240 0.938180
17.933400 -3.443022 -12.616430 -0.517883 0.002162 -0.084796 -0.330322 0.940049
17.966700 -3.343605 -12.452161 -0.414606 0.004518 -0.083260 -0.325405 0.941891
18.000100 -3.245168 -12.286050 -0.309875 0.006858 -0.081606 -0.320474 0.943711
18.033400 -3.148318 -12.119104 -0.205457 0.009167 -0.079843 -0.315557 0.945497
18.066700 -3.052769 -11.950846 -0.102183 0.011448 -0.077968 -0.310642 0.947255
18.100100 -2.958243 -11.780790 -0.000884 0.013703 -0.075981 -0.305712 0.948988
18.133400 -2.865320 -11.609968 0.096727 0.015915 -0.073895 -0.300798 0.950687
18.166700 -2.773723 -11.437895 0.189888 0.018088 -0.071706 -0.295885 0.952357
18.200100 -2.683196 -11.264064 0.277838 0.020224 -0.069410 -0.290958 0.954000
18.233400 -2.594292 -11.089536 0.359086 0.022307 -0.067022 -0.286046 0.955609
18.266700 -2.506751 -10.913808 0.433015 0.024343 -0.064539 -0.281134 0.957186
18.300100 -2.420313 -10.736375 0.499002 0.026330 -0.061960 -0.276209 0.958737
18.333400 -2.335516 -10.558311 0.555930 0.028255 -0.059300 -0.271298 0.960251
18.366700 -2.252104 -10.379110 0.603387 0.030122 -0.056557 -0.266386 0.961734
18.400100 -2.169845 -10.198246 0.640952 0.031933 -0.053724 -0.261459 0.963189
18.433400 -2.089238 -10.016823 0.667990 0.033673 -0.050823 -0.256546 0.964607
18.466700 -2.010048 -9.834319 0.684331 0.035347 -0.047848 -0.251631 0.965993
18.500100 -1.932044 -9.650206 0.689798 0.036954 -0.044796 -0.246701 0.967350
18.533400 -1.855708 -9.465602 0.684299 0.038485 -0.041688 -0.241783 0.968670
18.566700 -1.780815 -9.279978 0.667926 0.039942 -0.038518 -0.236863 0.969957
18.600100 -1.707147 -9.092795 0.640761 0.041325 -0.035282 -0.231925 0.971215
18.633400 -1.635156 -8.905193 0.603264 0.042624 -0.032004 -0.227000 0.972435
18.666700 -1.564632 -8.716632 0.555779 0.043843 -0.028677 -0.222070 0.973622
18.700100 -1.495366 -8.526567 0.498640 0.044982 -0.025298 -0.217123 0.974779
18.733400 -1.427795 -8.336151 0.432813 0.046033 -0.021889 -0.212185 0.975899
18.766700 -1.361709 -8.144840 0.358862 0.046998 -0.018446 -0.207243 0.976986
18.800100 -1.296925 -7.952076 0.277341 0.047878 -0.014963 -0.202279 0.978042
18.833400 -1.233837 -7.759034 0.189629 0.048667 -0.011464 -0.197325 0.979062
18.866700 -1.172244 -7.565165 0.096453 0.049365 -0.007945 -0.192365 0.980049
18.900100 -1.111999 -7.369895 -0.001466 0.049975 -0.004401 -0.187383 0.981005
18.933400 -1.053457 -7.174419 -0.102473 0.050491 -0.000856 -0.182408 0.981925
18.966700 -0.996440 -6.978175 -0.205750 0.050915 0.002695 -0.177425 0.982813
19.000100 -0.940794 -6.780591 -0.310482 0.051247 0.006257 -0.172420 0.983670
19.033400 -0.886856 -6.582873 -0.414898 0.051485 0.009805 -0.167420 0.984492
19.066700 -0.834460 -6.384452 -0.518167 0.051630 0.013346 -0.162412 0.985281
19.100100 -0.783467 -6.184749 -0.619462 0.051681 0.016882 -0.157379 0.986041
19.133400 -0.734186 -5.984984 -0.717067 0.051640 0.020390 -0.152351 0.986766
19.166700 -0.686454 -5.784585 -0.810221 0.051505 0.023876 -0.147313 0.987459
19.200100 -0.640161 -5.582962 -0.898164 0.051278 0.027343 -0.142249 0.988124
19.233400 -0.595581 -5.381349 -0.979405 0.050959 0.030767 -0.137190 0.988755
19.266700 -0.552576 -5.179164 -1.053329 0.050549 0.034153 -0.132119 0.989355
19.300000 -0.511158 -4.976427 -1.119128 0.050049 0.037499 -0.127037 0.989925
19.333400 -0.471210 -4.772552 -1.176238 0.049458 0.040807 -0.121928 0.990466
19.366700 -0.432973 -4.568781 -1.223695 0.048781 0.044056 -0.116823 0.990975
19.400000 -0.396332 -4.364526 -1.261163 0.048018 0.047248 -0.111705 0.991455
19.433400 -0.361146 -4.159185 -1.288300 0.047166 0.050390 -0.106561 0.991908
19.466700 -0.327707 -3.954031 -1.304642 0.046234 0.053459 -0.101419 0.992330
19.500000 -0.295878 -3.748460 -1.310110 0.045220 0.056460 -0.096265 0.992724
19.533400 -0.265570 -3.541877 -1.304610 0.044123 0.059397 -0.091084 0.993091
19.566700 -0.236969 -3.335541 -1.288238 0.042952 0.062249 -0.085905 0.993429
19.600000 -0.209984 -3.128857 -1.261170 0.041705 0.065022 -0.080715 0.993739
19.633400 -0.184545 -2.921226 -1.223577 0.040380 0.067718 -0.075497 0.994024
19.666700 -0.160729 -2.713747 -1.176089 0.038986 0.070320 -0.070283 0.994281
19.700000 -0.138617 -2.506146 -1.119135 0.037526 0.072831 -0.065058 0.994512
19.733400 -0.118069 -2.297665 -1.053127 0.035995 0.075253 -0.059805 0.994718
19.766700 -0.099212 -2.089573 -0.979179 0.034406 0.077569 -0.054556 0.994898
19.800000 -0.081989 -1.881269 -0.897913 0.032756 0.079787 -0.049297 0.995053
19.833400 -0.066354 -1.672149 -0.809950 0.031043 0.081906 -0.044012 0.995184
19.866700 -0.052399 -1.463490 -0.716775 0.029281 0.083909 -0.038732 0.995290
19.900000 -0.040063 -1.254609 -0.619156 0.027466 0.085807 -0.033442 0.995372
19.933400 -0.029356 -1.045055 -0.517848 0.025598 0.087595 -0.028127 0.995430
19.966700 -0.020320 -0.836030 -0.414566 0.023690 0.089263 -0.022820 0.995465
